16_03_49_742	2900	1908	2850	2624	2482	
16_03_49_857	2900	1909	2850	2624	2481	
16_03_49_872	2900	1908	2850	2624	2482	
16_03_49_895	2900	1909	2849	2624	2481	
16_03_49_915	2900	1909	2849	2624	2481	
16_03_49_931	2900	1908	2849	2624	2480	
16_03_49_955	2900	1908	2849	2624	2482	
16_03_49_980	2900	1909	2849	2624	2482	
16_03_49_999	2900	1909	2849	2624	2483	
16_03_50_015	2900	1910	2850	2624	2482	
16_03_50_053	2900	1909	2849	2624	2482	
16_03_50_076	2900	1908	2849	2624	2482	
16_03_50_091	2901	1909	2849	2624	2482	
16_03_50_123	2900	1909	2849	2623	2483	
16_03_50_158	2900	1908	2849	2624	2482	
16_03_50_191	2900	1909	2849	2624	2482	
16_03_50_224	2901	1909	2849	2624	2483	
16_03_50_257	2900	1909	2849	2623	2483	
16_03_50_291	2901	1909	2849	2624	2484	
16_03_50_324	2901	1909	2849	2623	2484	
16_03_50_357	2901	1909	2849	2624	2483	
16_03_50_390	2901	1908	2849	2623	2484	
16_03_50_424	2901	1909	2849	2623	2483	
16_03_50_457	2900	1908	2849	2623	2483	
16_03_50_491	2901	1908	2849	2624	2484	
16_03_50_524	2901	1910	2849	2623	2484	
16_03_50_557	2900	1909	2849	2623	2485	
16_03_50_591	2901	1909	2849	2624	2484	
16_03_50_624	2901	1909	2849	2623	2484	
16_03_50_657	2901	1909	2849	2624	2483	
16_03_50_690	2901	1909	2849	2623	2485	
16_03_50_724	2901	1910	2849	2623	2485	
16_03_50_757	2901	1909	2849	2623	2485	
16_03_50_791	2901	1909	2850	2624	2486	
16_03_50_824	2901	1909	2849	2623	2485	
16_03_50_857	2901	1909	2850	2623	2486	
16_03_50_891	2901	1909	2850	2623	2486	
16_03_50_924	2901	1910	2849	2624	2486	
16_03_50_957	2901	1910	2849	2623	2487	
16_03_50_991	2901	1909	2850	2623	2487	
16_03_51_024	2901	1910	2849	2623	2487	
16_03_51_057	2901	1910	2849	2623	2488	
16_03_51_090	2901	1909	2850	2623	2489	
16_03_51_124	2901	1909	2849	2623	2487	
16_03_51_157	2901	1910	2849	2623	2488	
16_03_51_191	2901	1909	2850	2623	2488	
16_03_51_224	2901	1909	2849	2623	2488	
16_03_51_257	2901	1910	2849	2623	2488	
16_03_51_291	2901	1909	2849	2623	2488	
16_03_51_324	2901	1909	2849	2623	2487	
16_03_51_357	2901	1910	2849	2623	2487	
16_03_51_390	2901	1909	2850	2623	2486	
16_03_51_424	2901	1909	2849	2623	2486	
16_03_51_457	2901	1910	2849	2623	2486	
16_03_51_490	2901	1909	2849	2623	2485	
16_03_51_524	2901	1910	2849	2624	2485	
16_03_51_557	2901	1910	2849	2623	2485	
16_03_51_590	2901	1909	2849	2623	2485	
16_03_51_624	2901	1909	2849	2623	2484	
16_03_51_657	2900	1910	2849	2623	2484	
16_03_51_691	2900	1909	2849	2623	2483	
16_03_51_724	2900	1909	2849	2624	2484	
16_03_51_757	2901	1910	2849	2624	2483	
16_03_51_791	2900	1909	2848	2623	2483	
16_03_51_824	2900	1909	2848	2623	2483	
16_03_51_857	2900	1909	2848	2623	2482	
16_03_51_891	2900	1909	2847	2623	2481	
16_03_51_924	2899	1909	2847	2623	2480	
16_03_51_957	2899	1909	2846	2623	2478	
16_03_51_991	2899	1909	2846	2623	2477	
16_03_52_024	2899	1909	2846	2623	2478	
16_03_52_057	2899	1910	2846	2623	2478	
16_03_52_091	2899	1909	2846	2623	2476	
16_03_52_124	2899	1909	2845	2623	2476	
16_03_52_157	2899	1910	2845	2623	2476	
16_03_52_191	2899	1909	2845	2623	2475	
16_03_52_224	2899	1909	2845	2623	2475	
16_03_52_257	2899	1910	2845	2623	2476	
16_03_52_291	2899	1909	2845	2622	2474	
16_03_52_324	2899	1909	2845	2623	2474	
16_03_52_357	2899	1910	2845	2623	2475	
16_03_52_391	2899	1910	2845	2622	2475	
16_03_52_424	2899	1909	2845	2622	2476	
16_03_52_457	2899	1909	2844	2622	2476	
16_03_52_490	2899	1910	2845	2623	2479	
16_03_52_524	2899	1909	2845	2623	2480	
16_03_52_557	2899	1910	2845	2624	2481	
16_03_52_591	2899	1910	2845	2624	2485	
16_03_52_624	2899	1910	2846	2625	2484	
16_03_52_657	2900	1910	2845	2625	2485	
16_03_52_691	2900	1911	2846	2625	2486	
16_03_52_724	2900	1910	2846	2625	2488	
16_03_52_757	2900	1910	2846	2626	2487	
16_03_52_791	2900	1910	2845	2625	2488	
16_03_52_824	2899	1909	2846	2625	2490	
16_03_52_857	2900	1910	2846	2626	2487	
16_03_52_890	2900	1910	2845	2625	2488	
16_03_52_924	2899	1909	2846	2625	2488	
16_03_52_957	2900	1910	2846	2625	2489	
16_03_52_990	2900	1910	2845	2625	2489	
16_03_53_024	2899	1909	2846	2626	2489	
16_03_53_057	2900	1909	2845	2626	2488	
16_03_53_090	2900	1910	2846	2626	2489	
16_03_53_124	2899	1909	2846	2625	2490	
16_03_53_157	2899	1909	2845	2625	2489	
16_03_53_191	2899	1910	2845	2625	2489	
16_03_53_224	2899	1910	2846	2626	2490	
16_03_53_258	2899	1909	2846	2625	2489	
16_03_53_291	2899	1910	2845	2625	2490	
16_03_53_324	2899	1909	2846	2625	2489	
16_03_53_357	2899	1909	2846	2625	2490	
16_03_53_390	2900	1910	2846	2625	2490	
16_03_53_424	2899	1910	2846	2625	2490	
16_03_53_457	2899	1909	2846	2625	2490	
16_03_53_490	2899	1910	2846	2625	2489	
16_03_53_524	2900	1910	2846	2625	2490	
16_03_53_557	2900	1910	2846	2625	2490	
16_03_53_591	2900	1910	2845	2625	2490	
16_03_53_624	2899	1910	2846	2625	2490	
16_03_53_657	2899	1909	2846	2625	2490	
16_03_53_690	2900	1910	2846	2626	2491	
16_03_53_728	2900	1911	2846	2626	2490	
16_03_53_757	2900	1910	2846	2626	2490	
16_03_53_791	2900	1910	2846	2626	2491	
16_03_53_824	2900	1910	2846	2625	2491	
16_03_53_857	2899	1909	2846	2625	2492	
16_03_53_890	2900	1910	2846	2625	2491	
16_03_53_924	2900	1910	2846	2625	2490	
16_03_53_957	2900	1909	2846	2625	2491	
16_03_53_991	2900	1910	2846	2625	2491	
16_03_54_024	2900	1910	2845	2625	2492	
16_03_54_058	2900	1909	2846	2625	2490	
16_03_54_090	2900	1909	2846	2625	2490	
16_03_54_124	2900	1910	2845	2625	2489	
16_03_54_158	2899	1910	2846	2625	2490	
16_03_54_191	2900	1910	2846	2625	2489	
16_03_54_224	2900	1910	2845	2625	2490	
16_03_54_257	2900	1910	2846	2626	2489	
16_03_54_291	2900	1910	2846	2625	2489	
16_03_54_324	2900	1910	2846	2626	2490	
16_03_54_357	2899	1909	2846	2626	2490	
16_03_54_393	2900	1910	2846	2626	2489	
16_03_54_424	2899	1910	2846	2625	2490	
16_03_54_457	2900	1910	2848	2626	2493	
16_03_54_491	2900	1911	2852	2629	2497	
16_03_54_524	2900	1913	2855	2632	2498	
16_03_54_557	2900	1913	2857	2632	2497	
16_03_54_591	2900	1912	2857	2632	2496	
16_03_54_624	2900	1913	2857	2632	2495	
16_03_54_658	2900	1913	2860	2634	2498	
16_03_54_691	2904	1914	2875	2640	2504	
16_03_54_732	2919	1915	2921	2664	2512	
16_03_54_757	2925	1914	2963	2715	2544	
16_03_54_790	2952	1914	3008	2792	2631	
16_03_54_824	2977	1910	3055	2844	2685	
16_03_54_857	2989	1907	3093	2885	2705	
16_03_54_891	3019	1894	3129	2928	2679	
16_03_54_924	3032	1888	3140	2942	2684	
16_03_54_957	3037	1887	3145	2947	2685	
16_03_54_991	3046	1887	3139	2940	2684	
16_03_55_024	3048	1893	3116	2915	2680	
16_03_55_057	3045	1905	3076	2866	2648	
16_03_55_090	3026	1916	3047	2834	2598	
16_03_55_124	3008	1928	3011	2810	2565	
16_03_55_157	2999	1938	2957	2760	2520	
16_03_55_191	2978	1944	2923	2713	2473	
16_03_55_224	2965	1948	2889	2663	2426	
16_03_55_258	2961	1949	2858	2621	2390	
16_03_55_291	2945	1952	2828	2585	2351	
16_03_55_324	2943	1954	2817	2571	2335	
16_03_55_357	2944	1954	2810	2563	2327	
16_03_55_391	2946	1953	2807	2562	2328	
16_03_55_424	2959	1952	2846	2596	2371	
16_03_55_457	2968	1947	2952	2734	2525	
16_03_55_491	2978	1944	2994	2788	2587	
16_03_55_524	2994	1942	3029	2823	2618	
16_03_55_557	3003	1937	3078	2864	2657	
16_03_55_591	3013	1932	3107	2885	2668	
16_03_55_624	3022	1929	3127	2902	2675	
16_03_55_657	3029	1925	3141	2914	2679	
16_03_55_690	3034	1922	3150	2923	2682	
16_03_55_724	3033	1921	3148	2922	2681	
16_03_55_757	3018	1924	3131	2907	2672	
16_03_55_790	3008	1926	3093	2880	2652	
16_03_55_825	2977	1930	3049	2850	2618	
16_03_55_858	2955	1938	3010	2815	2569	
16_03_55_890	2938	1942	2953	2747	2486	
16_03_55_924	2925	1945	2914	2688	2434	
16_03_55_957	2915	1949	2874	2631	2387	
16_03_55_991	2907	1952	2835	2577	2338	
16_03_56_024	2897	1953	2825	2561	2316	
16_03_56_057	2893	1956	2817	2551	2302	
16_03_56_091	2891	1956	2808	2542	2288	
16_03_56_124	2893	1955	2803	2537	2283	
16_03_56_157	2900	1954	2800	2534	2287	
16_03_56_190	2907	1953	2827	2563	2328	
16_03_56_224	2927	1950	2913	2667	2441	
16_03_56_257	2937	1946	2964	2753	2528	
16_03_56_290	2948	1940	3019	2819	2606	
16_03_56_324	2956	1935	3047	2842	2636	
16_03_56_357	2961	1931	3084	2868	2663	
16_03_56_391	2964	1926	3117	2892	2686	
16_03_56_424	2970	1923	3129	2899	2691	
16_03_56_457	2972	1922	3135	2904	2693	
16_03_56_490	2973	1921	3131	2901	2692	
16_03_56_524	2974	1923	3113	2887	2684	
16_03_56_557	2967	1932	3071	2863	2663	
16_03_56_591	2961	1936	3023	2829	2611	
16_03_56_624	2949	1941	2977	2784	2542	
16_03_56_657	2931	1945	2931	2724	2471	
16_03_56_690	2923	1950	2863	2627	2390	
16_03_56_724	2916	1952	2839	2589	2354	
16_03_56_757	2910	1954	2830	2570	2329	
16_03_56_791	2908	1955	2820	2555	2311	
16_03_56_824	2911	1953	2814	2547	2303	
16_03_56_858	2916	1951	2809	2540	2306	
16_03_56_891	2923	1948	2825	2597	2386	
16_03_56_924	2933	1943	2902	2685	2476	
16_03_56_957	2940	1940	2953	2756	2557	
16_03_56_990	2949	1934	3000	2809	2622	
16_03_57_024	2954	1930	3041	2847	2658	
16_03_57_058	2966	1925	3084	2879	2678	
16_03_57_091	2981	1913	3136	2925	2694	
16_03_57_124	2986	1909	3154	2948	2688	
16_03_57_157	3001	1900	3167	2964	2675	
16_03_57_191	3009	1890	3177	2976	2674	
16_03_57_224	3015	1883	3182	2983	2680	
16_03_57_257	3022	1880	3184	2986	2683	
16_03_57_290	3021	1882	3172	2974	2672	
16_03_57_325	3015	1889	3143	2942	2643	
16_03_57_357	3005	1899	3104	2897	2630	
16_03_57_391	2993	1919	3063	2858	2613	
16_03_57_424	2983	1925	3018	2818	2566	
16_03_57_457	2956	1936	2976	2774	2505	
16_03_57_490	2935	1948	2916	2690	2425	
16_03_57_524	2928	1950	2879	2636	2388	
16_03_57_557	2918	1954	2859	2605	2362	
16_03_57_591	2913	1959	2850	2586	2340	
16_03_57_624	2908	1960	2841	2569	2319	
16_03_57_657	2905	1962	2839	2561	2308	
16_03_57_691	2903	1963	2839	2555	2299	
16_03_57_724	2903	1963	2838	2548	2289	
16_03_57_757	2913	1962	2831	2543	2292	
16_03_57_791	2921	1960	2810	2549	2323	
16_03_57_824	2925	1961	2839	2610	2392	
16_03_57_857	2936	1958	2921	2720	2512	
16_03_57_892	2956	1946	3008	2820	2630	
16_03_57_924	2961	1944	3060	2864	2662	
16_03_57_957	2973	1935	3112	2905	2683	
16_03_57_991	2985	1922	3139	2938	2665	
16_03_58_024	2999	1906	3181	2983	2688	
16_03_58_058	3019	1898	3198	2999	2716	
16_03_58_091	3032	1896	3213	3016	2744	
16_03_58_124	3044	1896	3225	3040	2776	
16_03_58_157	3064	1896	3234	3055	2791	
16_03_58_191	3075	1896	3240	3065	2801	
16_03_58_224	3082	1894	3243	3072	2807	
16_03_58_258	3083	1893	3245	3073	2808	
16_03_58_290	3079	1892	3242	3068	2800	
16_03_58_324	3068	1889	3238	3062	2791	
16_03_58_358	3057	1887	3227	3045	2772	
16_03_58_390	3018	1887	3202	3013	2741	
16_03_58_424	2996	1895	3173	2976	2702	
16_03_58_458	2973	1900	3126	2923	2633	
16_03_58_491	2949	1911	3097	2898	2598	
16_03_58_524	2935	1925	3062	2875	2567	
16_03_58_557	2923	1933	3008	2833	2525	
16_03_58_591	2909	1940	2982	2802	2500	
16_03_58_624	2901	1948	2959	2765	2471	
16_03_58_657	2896	1951	2936	2729	2444	
16_03_58_690	2881	1956	2912	2679	2407	
16_03_58_724	2870	1963	2898	2648	2386	
16_03_58_757	2868	1965	2884	2621	2366	
16_03_58_790	2865	1970	2870	2601	2344	
16_03_58_824	2864	1974	2859	2587	2324	
16_03_58_857	2864	1977	2849	2574	2305	
16_03_58_891	2864	1978	2846	2568	2298	
16_03_58_924	2865	1976	2843	2563	2293	
16_03_58_958	2863	1973	2833	2557	2298	
16_03_58_991	2872	1971	2851	2567	2335	
16_03_59_024	2900	1968	2937	2661	2429	
16_03_59_057	2916	1967	3016	2785	2541	
16_03_59_090	2986	1956	3121	2885	2659	
16_03_59_124	3004	1944	3164	2921	2688	
16_03_59_157	3008	1939	3188	2952	2704	
16_03_59_190	3016	1927	3205	2980	2703	
16_03_59_224	3033	1920	3220	3004	2669	
16_03_59_257	3048	1906	3237	3023	2684	
16_03_59_290	3069	1899	3247	3035	2707	
16_03_59_324	3087	1901	3255	3048	2733	
16_03_59_357	3103	1915	3267	3070	2766	
16_03_59_391	3120	1916	3273	3082	2782	
16_03_59_424	3127	1917	3277	3090	2796	
16_03_59_457	3129	1917	3281	3097	2808	
16_03_59_491	3134	1915	3284	3101	2823	
16_03_59_524	3137	1913	3285	3103	2829	
16_03_59_557	3137	1911	3286	3103	2832	
16_03_59_591	3136	1910	3286	3102	2830	
